
2220990000000002
2220990000000010
2220990000000028
2220990000000036
2220990000000044
2220990000000051
2220990000000069
2220990000000077
2220990000000085
2220990000000093
2220990000000101
2220990000000119
2220990000000127
2220990000000135
2220990000000143
2220990000000150
2220990000000168
2220990000000176
2220990000000184
2220990000000192
2220990000000200
2220990000000218
2220990000000226
2220990000000234
2220990000000242
2220990000000259
2220990000000267
2220990000000275
2220990000000283
2220990000000291
2220990000000309
2220990000000317
2220990000000325
2220990000000333
2220990000000341
2220990000000358
2220990000000366
2220990000000374
2220990000000382
2220990000000390
2220990000000408
2220990000000416
2220990000000424
2220990000000432
2220990000000440
2220990000000457
2220990000000465
2220990000000473
2220990000000481
2220990000000499
2220990000000507
2220990000000515
2220990000000523
2220990000000531
2220990000000549
2220990000000556
2220990000000564
2220990000000572
2220990000000580
2220990000000598
2220990000000606
2220990000000614
2220990000000622
2220990000000630
2220990000000648
2220990000000655
2220990000000663
2220990000000671
2220990000000689
2220990000000697
2220990000000705
2220990000000713
2220990000000721
2220990000000739
2220990000000747
2220990000000754
2220990000000762
